%%MatrixMarket matrix coordinate real general
% Generated 36x36 matrix
36 36 249
1 14 5.330122
1 20 7.561939
2 9 5.932070
2 10 5.069189
2 14 1.863483
2 27 1.732941
2 30 7.306047
3 4 7.796527
3 5 9.267559
3 7 2.721980
3 9 7.318070
3 10 3.015646
3 12 2.148385
3 18 1.697056
3 27 6.574190
3 28 4.771851
3 31 6.291752
4 16 5.992334
4 19 1.230424
4 22 3.291375
4 35 6.619222
5 8 6.895218
5 12 9.498435
5 20 2.746328
5 24 4.287430
5 28 2.593180
5 31 5.405832
5 35 2.293607
5 36 2.620636
6 16 8.481035
6 23 7.441411
6 35 8.415043
8 16 7.997727
8 23 6.809109
8 26 4.042388
9 16 8.233875
9 26 7.005547
9 27 8.404314
9 34 9.885493
10 16 3.828584
10 34 0.396458
10 35 7.929499
11 17 9.995320
11 29 9.754317
11 32 6.824082
12 34 7.174881
12 36 8.688292
13 13 0.039200
13 21 7.339207
13 27 7.493141
13 28 9.069055
13 32 6.511676
15 17 7.493277
16 19 3.274037
16 34 0.650330
18 23 8.340077
18 25 0.699204
18 32 6.900434
20 24 9.428028
20 34 1.813307
21 28 4.902367
21 30 4.342686
21 33 4.505354
22 27 6.606914
23 23 9.317222
24 26 0.277300
24 29 8.819599
25 29 1.415932
25 34 2.887323
26 35 7.621355
28 32 3.602206
33 34 8.469866
22 26 3.356937
6 33 6.695982
5 25 8.334874
6 13 7.652980
2 2 9.042695
19 28 0.021355
28 31 1.002224
9 15 0.026507
6 17 7.553002
23 31 4.113995
14 21 4.300876
16 27 6.703635
15 23 6.417849
35 36 5.241749
17 20 6.534091
13 31 5.467916
6 12 0.755374
16 22 8.769330
32 34 0.232884
31 31 6.049235
16 18 6.865774
10 31 8.741984
32 32 3.924114
20 29 3.747433
2 34 1.414682
22 29 3.426518
34 36 1.945504
6 7 3.474997
5 7 8.241181
33 35 9.096692
33 36 8.798113
2 18 5.478784
9 19 8.359907
27 33 7.661189
12 20 2.903258
34 34 8.303853
20 32 2.050495
32 36 4.227312
31 36 2.961912
25 25 8.343877
13 35 4.244016
31 34 2.867443
4 9 8.743563
4 5 2.764840
10 32 5.140322
28 30 3.981082
36 36 9.501899
10 11 7.365835
30 36 5.349778
25 36 2.196053
9 11 5.819733
19 27 3.202195
28 35 5.068580
16 25 7.387521
12 28 7.620884
33 33 7.393434
14 25 7.896622
14 1 5.330122
20 1 7.561939
9 2 5.932070
10 2 5.069189
14 2 1.863483
27 2 1.732941
30 2 7.306047
4 3 7.796527
5 3 9.267559
7 3 2.721980
9 3 7.318070
10 3 3.015646
12 3 2.148385
18 3 1.697056
27 3 6.574190
28 3 4.771851
31 3 6.291752
16 4 5.992334
19 4 1.230424
22 4 3.291375
35 4 6.619222
8 5 6.895218
12 5 9.498435
20 5 2.746328
24 5 4.287430
28 5 2.593180
31 5 5.405832
35 5 2.293607
36 5 2.620636
16 6 8.481035
23 6 7.441411
35 6 8.415043
16 8 7.997727
23 8 6.809109
26 8 4.042388
16 9 8.233875
26 9 7.005547
27 9 8.404314
34 9 9.885493
16 10 3.828584
34 10 0.396458
35 10 7.929499
17 11 9.995320
29 11 9.754317
32 11 6.824082
34 12 7.174881
36 12 8.688292
21 13 7.339207
27 13 7.493141
28 13 9.069055
32 13 6.511676
17 15 7.493277
19 16 3.274037
34 16 0.650330
23 18 8.340077
25 18 0.699204
32 18 6.900434
24 20 9.428028
34 20 1.813307
28 21 4.902367
30 21 4.342686
33 21 4.505354
27 22 6.606914
26 24 0.277300
29 24 8.819599
29 25 1.415932
34 25 2.887323
35 26 7.621355
32 28 3.602206
34 33 8.469866
26 22 3.356937
33 6 6.695982
25 5 8.334874
13 6 7.652980
28 19 0.021355
31 28 1.002224
15 9 0.026507
17 6 7.553002
31 23 4.113995
21 14 4.300876
27 16 6.703635
23 15 6.417849
36 35 5.241749
20 17 6.534091
31 13 5.467916
12 6 0.755374
22 16 8.769330
34 32 0.232884
18 16 6.865774
31 10 8.741984
29 20 3.747433
34 2 1.414682
29 22 3.426518
36 34 1.945504
7 6 3.474997
7 5 8.241181
35 33 9.096692
36 33 8.798113
18 2 5.478784
19 9 8.359907
33 27 7.661189
20 12 2.903258
32 20 2.050495
36 32 4.227312
36 31 2.961912
35 13 4.244016
34 31 2.867443
9 4 8.743563
5 4 2.764840
32 10 5.140322
30 28 3.981082
11 10 7.365835
36 30 5.349778
36 25 2.196053
11 9 5.819733
27 19 3.202195
35 28 5.068580
25 16 7.387521
28 12 7.620884
25 14 7.896622
